2148
2148
85698
85698
85698
85698
85698
85698
222
85698
85698
85698
217203
85698
85698
85698
85698
85698
12914
12914
563177
12914
12914
12914
12914
12914
12914
12914
12914
12914
41673
12914
637389
80869
470
470
470
470
470
40214
40214
470
469
470
470
470
470
470
470
28090
62977
400667
470
470
470
470
487316
470
470
470
470
470
470
470
470
470
470
470
470
470
470
470
470
470
470
470
470
470
470
470
470
106654
470
470
470
470
470
1280
470
470
48296
106654
48296
470
48296
470
48296
470
470
470
470
470
470
470
1280
470
470
40214
1655
1655
1655
1865
129337
1055323
380703
196023
196023
948519
196023
196023
196023
948519
644
644
644
642
645
644
644
380703
644
644
644
645
644
645
644
645
644
654
644
196023
644
644
644
644
644
642
645
645
29491
642
645
644
645
644
645
645
645
645
651
56636
272557
1198449
272557
56636
272557
56636
272557
668336
1183401
358
358
358
28211
226
1004785
1004786
1004787
1774373
1004785
1004786
1004787
1774373
1004785
1004786
1004787
1774373
1004785
1004786
1004787
1774373
314275
226
103690
247480
69277
69277
359336
359336
359336
56688
1663
1663
1663
1663
1663
1663
1663
1663
1663
1663
1663
1663
1663
1663
1663
1663
1663
1663
37927
1663
1663
1663
1663
1663
1663
1663
1663
1663
1663
1663
1663
1663
1663
1663
1663
1663
1663
1663
1663
1663
1663
1663
1663
1663
1663
1663
1663
1663
1663
1663
1663
1663
1663
1663
1663
1663
1663
1663
1663
1663
1663
1663
1663
1663
1663
1663
1663
1663
1663
1663
1663
1663
1663
1663
1663
1663
182269
511435
192
1428
1386
1396
1408
1392
224308
29339
1396
1396
2675234
1428
29339
1396
526970
1396
2837485
1396
1396
1396
1396
1396
1396
1430
29339
260799
1428
29339
1408
1408
1408
1408
1396
1405
1428
29339
226900
526980
1396
1402
1423
1428
1428
1423
1428
261591
1396
1408
1396
1396
1405
29339
29339
1396
1396
1396
1396
1404
1408
29339
224308
29339
1392
1396
1408
1404
1386
1423
1396
1392
1396
526977
1408
1428
1408
1423
1386
1396
1430
29339
226900
412694
44249
29339
1428
226900
1396
29339
29339
29339
1396
1404
1405
1386
1404
29339
224308
29339
29339
1404
545693
1006007
1404
1404
1404
1396
1423
1396
334406
1396
334406
1430
1396
1396
1423
1423
1396
1428
1396
1428
1408
1428
1423
1428
29339
86029
1404
545693
1006007
1404
1404
1423
1396
260799
1408
29339
1428
1434
226900
412694
1279365
1392
1396
29339
86661
226900
260799
412694
1396
1386
1423
1423
1404
1423
1423
766760
1423
29339
1423
1404
1404
545693
1404
1428
1478
1408
29339
1396
29339
1396
1428
29339
260799
1392
2675234
1396
1396
2837511
592022
1408
1408
1390
1402
1423
86029
224308
279010
315750
535026
1423
224308
535026
1261129
1428
86661
1428
326423
1396
1396
29339
1392
526977
1434
315750
1392
29339
1386
1423
1404
1408
1423
1396
1408
1423
293387
572265
246200
666
1464
83333
498388
321
323
624
67825
511145
1464
817
817
329854
371601
226186
959
959
959
1684
1684
518
518
518
518
518
518
518
518
1477
1465
1396
1464
1465
1477
1477
1465
1465
273384
1696
2756
2756
2756
235
29459
29461
234
520461
568815
29461
224914
359391
430066
235
234
29461
444163
359391
430066
235
29459
29461
29461
359391
430066
29461
359391
430066
235
29461
359391
430066
95486
95486
292
95486
292
292
95486
292
152480
292
95486
95486
216591
292
331272
95486
95486
28450
272560
320371
557724
1249473
272560
272560
272560
292
337
95486
152480
95486
95486
95486
60550
95486
152480
28095
95486
884204
28450
28450
57975
28450
57975
57975
57975
28450
28450
95486
95486
28450
831
197
32022
197
32022
1357994
197
32022
197
32022
194
32022
1201032
32022
197
197
197
197
194
197
190650
190650
155892
190650
190650
190650
155892
75
155892
155892
155892
155892
155892
155892
155892
155892
1397108
76594
76594
76594
76594
76594
76594
76594
76594
76594
76594
76594
76594
76594
1348584
76594
1348584
76594
1348584
76594
1348584
76594
76594
76594
1348585
1348585
76594
76594
76594
76594
76594
76594
76594
76594
76594
76594
76594
104264
104264
83554
83555
83556
227941
331635
83555
83554
83554
115711
546
546
67825
67825
544
546
544
546
546
546
546
546
546
546
67825
67825
546
546
546
546
546
546
67825
67825
35703
33013
28447
1496
1496
1491
1496
1496
1496
1502
1502
195103
1502
1496
1502
1502
1509
1496
1496
1496
1496
1496
1496
1496
1496
1496
1496
1502
1502
1502
1502
1502
1502
1502
1513
1513
1513
1513
1513
1513
1513
1513
1519
1496
1496
1496
1496
1502
289380
1502
1502
1502
1496
1496
167879
1725
1716
38305
38305
1725
1725
38305
1725
1718
1718
1718
38305
1725
1725
38305
1725
38305
216432
216432
28141
28141
28141
28141
28141
413502
413503
1159554
1159613
1163710
413502
28141
28141
28141
28141
413502
28141
413496
1159491
28141
28141
28141
28141
28141
28141
28141
28141
28141
28141
413503
28141
281915
32051
32051
59920
1129
59920
1184
47251
74547
1129
1129
1129
166314
166314
1129
1129
167539
1129
1129
129337
80865
80866
180282
1778540
1089444
1089444
1089444
1089444
1089444
204037
1224151
1089444
1224151
1224151
1089444
215813
398580
215813
398580
215813
398580
215813
1821960
67780
67780
636
636
636
636
67780
67780
636
84112
547
562
550
550
550
550
550
550
69218
61645
548
547
550
550
548
548
548
550
550
547
550
562
562
562
562
562
562
562
439184
90371
562
562
562
562
562
562
562
562
562
562
562
562
498388
562
562
83333
83333
83333
562
562
562
562
562
562
562
562
562
562
562
562
562
562
562
562
287
294
303
471
562
584
666
90371
562
37762
562
562
37762
37762
37762
562
37762
37762
562
37762
37762
37762
562
37762
498388
623
623
623
562
85569
562
562
562
562
59201
469008
469008
469008
469008
511693
469008
562
562
562
562
562
562
562
59201
1352
1351
1351
1351
1352
1351
1351
1351
1351
936153
1351
1351
1351
1351
1351
1351
1351
1352
1351
1351
1351
1351
1352
1351
1351
1350
1352
1352
1351
1351
1351
1351
1351
1351
1351
1351
1351
1351
1351
1351
1351
1351
1351
1351
1351
1351
1351
1351
1351
1351
1351
1351
1351
1351
1352
1351
1351
1351
1351
1351
1351
1351
1351
1351
1351
1351
1351
1351
1352
1352
1351
1351
1351
1351
1351
1351
1351
1351
1351
1351
1351
1351
1351
1351
1351
1351
1351
1351
1351
1351
1351
226185
552
552
552
552
552
552
65700
552
551
552
552
79967
79967
79967
552
552
552
552
552
552
552
552
79967
338565
552
552
552
552
552
552
552
552
552
552
552
552
552
552
552
552
552
552
552
552
552
552
552
1648
562
562
562
562
562
562
562
562
562
562
67825
562
562
83333
562
562
562
562
562
562
562
83333
83333
562
511145
562
511145
1045010
562
562
562
562
83333
562
562
562
562
562
562
562
562
83333
562
511145
562
562
562
511145
469008
562
562
83333
498388
562
562
83333
561
562
562
562
562
562
562
562
562
562
562
562
83333
511145
562
511145
511145
562
562
561
562
562
562
562
562
562
562
562
83333
562
590
562
562
562
562
562
511145
511145
562
562
511145
562
562
562
562
562
562
562
562
562
562
83333
562
562
562
562
562
562
562
562
562
562
562
562
83333
511145
562
562
562
562
562
562
83333
562
83333
562
562
562
562
562
562
562
562
562
562
562
562
511145
562
562
562
469008
1055538
562
562
562
562
562
562
562
562
562
562
562
511145
562
562
562
562
83333
562
511145
511145
562
562
562
562
562
562
562
562
562
1045010
562
562
562
562
562
562
83333
562
562
562
562
199310
562
562
562
562
28147
561
1045010
511145
562
562
562
562
562
562
562
562
37762
562
562
562
562
562
511145
562
562
83333
562
511145
562
562
562
562
562
562
562
83333
562
562
511693
562
83333
562
562
562
562
511145
562
562
562
511145
511145
511145
511145
562
562
562
37762
511145
511145
511145
511145
511145
90371
1045010
511145
562
562
1045010
562
562
562
562
562
561
562
37762
562
562
562
562
562
562
83333
562
562
562
2072463
562
562
562
562
562
562
562
562
562
562
562
562
562
562
562
562
562
562
562
562
562
562
562
562
562
562
562
562
562
562
562
562
562
562
562
562
562
562
562
562
562
562
562
562
562
562
562
469008
469008
562
562
562
562
562
562
562
83333
562
566546
562
562
562
562
562
562
562
562
562
562
562
562
90371
562
562
331112
562
562
562
562
562
562
562
562
562
562
562
331112
562
562
498388
562
562
562
562
562
562
562
562
562
562
562
562
562
562
562
562
853
853
853
853
853
853
853
853
237
96345
96345
96345
96345
996
996
237
96345
96345
96345
96345
96345
96345
96345
96345
96345
96345
96345
237
237
237
237
237
237
237
237
237
237
237
237
237
237
237
237
237
237
237
237
393480
851
1462
129337
1422
1426
441
2055
2055
2055
2055
2055
2055
2055
2055
2055
2055
36822
2055
2055
2055
2055
2055
2055
2055
36822
2055
2055
2055
2055
2055
2055
2055
2055
2055
2055
2055
2055
2055
2055
2055
2055
36822
2055
2055
2055
36822
2055
2055
2055
2055
2055
2055
2055
2055
2055
2055
2055
2055
2055
2055
2055
2055
2055
2055
2055
2055
2055
2055
84096
2055
2055
2055
2055
36822
2053
2053
2053
2053
2053
2053
2053
2055
2053
2053
36822
36822
2053
1823
1833
2055
33008
37326
2055
2055
1824
2055
37330
89053
2053
2053
2055
2055
2055
2055
2055
2055
2055
2055
1833
2055
36822
2055
2055
2055
2055
2055
2055
2055
2055
2055
2055
36822
2055
2055
2055
2055
2055
36822
2055
2055
2055
2055
2055
2055
2055
2055
2053
2055
2055
2055
2055
2055
2055
2055
2055
2055
2055
2055
36822
2055
2055
2055
2055
2053
2055
2055
2055
2055
2055
2055
36822
2055
2055
2055
2055
2055
2055
2055
2055
36822
2055
2055
36822
2055
2055
2055
2055
2055
2055
2055
2055
2055
2055
2055
2055
2055
2055
2055
2055
2055
2055
2055
2055
2055
2055
2055
2055
2055
2055
2055
2055
36822
2055
2055
2055
2055
2055
2055
2055
2055
2055
2055
2055
2055
36822
2055
2055
2055
2055
2055
2055
714
738
727
727
2237
51589
51589
634497
51589
51589
634497
51589
2242
478009
2242
2251
60846
2745
56688
56688
56688
634157
56688
56688
56688
56688
56688
56688
56688
56688
56688
2237
2237
2237
1644056
51589
51589
56688
35742
35743
2237
1051663
562
210
210
102608
585535
866344
866345
866346
210
210
51589
51589
267893
267893
32014
570
573
573
573
573
573
573
573
573
573
573
573
570
573
574
573
573
573
72407
570
570
570
570
571
573
573
573
573
573
573
573
573
573
573
573
573
573
573
573
573
573
573
573
573
573
573
573
573
573
573
573
573
573
573
573
573
573
573
573
573
484021
573
72407
571
1087440
573
571
1049565
573
72407
573
573
573
573
573
573
573
573
573
573
573
573
573
573
573
573
573
573
573
573
570
573
573
573
573
573
573
573
573
573
573
573
573
573
573
573
573
573
573
573
573
573
573
573
573
573
573
573
573
573
573
573
573
573
573
573
573
573
573
573
573
579
1580
1580
1582
1590
1590
1590
47715
1590
1585
1597
1597
1597
1590
1597
1597
1597
29397
1596
387344
1580
47715
1584
1584
1584
29397
1590
1578
1613
1613
1582
29397
29397
1590
1590
1589
1590
47715
109790
1590
1590
1590
1596
1596
1587
1582
1590
1584
1613
1597
1582
1582
1580
1580
1590
1590
1578
1597
29397
33959
33959
33959
1358
1358
1358
1358
1358
1358
1358
1358
44688
1358
1358
1358
1358
1359
1360
272623
1358
1358
1358
1358
1358
1358
1358
1358
1358
1358
1358
1358
1358
1358
1358
1358
1358
1358
1358
1358
1358
1358
1358
1358
1358
1358
1358
1358
1358
1358
1358
1358
1358
1358
1358
1358
1358
1358
1358
1358
1358
1358
1358
1358
1358
1358
1358
1358
1358
1358
1358
1358
1358
1358
1358
1358
1358
1358
1358
1358
1358
1358
1358
1358
1358
1358
1358
1358
1358
1358
1358
1358
1358
1358
1358
1358
1358
1358
1358
1358
1358
1358
272623
272623
272623
272623
272623
272623
1358
1358
1358
1359
1358
1358
1358
1358
1358
1358
1358
1358
1358
1358
1358
1358
1358
1358
1358
1358
1358
1358
1358
1358
1358
1358
1358
1358
1363
1358
1359
1359
1359
1359
272623
1359
1359
1359
1359
1359
1359
1358
1358
1358
1358
1358
44688
1358
1358
1358
1358
1358
1358
1358
1358
1358
1358
1358
1358
1358
1358
1360
272623
1358
1358
1357
1357
1359
1357
1359
1359
1359
420890
1363
1358
1358
1358
1359
1358
1358
1358
1358
1358
1358
1358
1358
1358
1358
1359
1358
1358
1358
1358
1358
1358
1363
1358
1358
2816960
1358
1358
272623
416870
1358
2816960
83655
1330545
2854170
2854170
172
172
1245
1247
33968
33966
33967
33967
33967
33968
33968
1245
1245
33968
33968
33968
33968
1245
1245
33968
287
537021
34021
34021
1639
169963
1457188
1639
1639
1639
1639
1639
1639
1639
1639
393119
265669
265669
393119
1639
1639
1639
1639
393119
393119
1639
1639
1639
1639
1637
1639
1639
1639
1639
1639
1639
1639
662
2854170
2854170
75985
75985
75985
75985
75985
75985
75985
75985
75985
75985
28253
119864
28253
381
41980
145262
145260
104336
104336
104336
104336
104336
104336
104336
199592
104336
199592
104336
104336
199592
104336
199592
104336
104336
104336
104336
104336
104336
104336
104336
104336
104336
104336
199592
199592
33882
104336
104336
104336
104336
104336
104336
104336
104336
104336
104336
104336
104336
199592
104336
104336
104336
104336
104336
82380
199592
1126
582
581
581
246196
1772
246196
1772
246196
246196
246196
246196
246196
246196
1772
246196
246196
246196
246196
1763
36809
319705
319705
246196
246196
246196
246196
246196
246196
246196
246196
246196
246196
246196
246196
246196
246196
246196
1772
246196
246196
246196
246196
246196
246196
246196
246196
246196
246196
246196
246196
246196
246196
246196
246196
246196
246196
246196
1772
246196
246196
246196
1772
246196
246196
246196
246196
246196
246196
246196
246196
246196
246196
246196
246196
246196
246196
246196
246196
246196
1772
246196
246196
246196
246196
246196
246196
1772
246196
1772
246196
246196
246196
246196
246196
246196
246196
246196
246196
246196
246196
246196
246196
246196
246196
246196
246196
246196
246196
246196
246196
1772
246196
246196
246196
1772
1772
1773
246196
246196
246196
246196
246196
246196
246196
246196
1763
246196
246196
246196
246196
246196
246196
246196
246196
246196
246196
1772
246196
246196
246196
246196
246196
246196
1772
246196
1772
1810
246196
246196
246196
246196
246196
246196
246196
246196
246196
246196
246196
246196
1772
246196
246196
246196
246196
246196
246196
246196
246196
246196
246196
246196
246196
246196
1772
1773
1772
1773
246196
246196
246196
246196
246196
246196
246196
246196
246196
246196
1772
246196
1772
246196
246196
1772
246196
1772
246196
246196
1772
246196
246196
246196
246196
246196
246196
246196
246196
246196
246196
246196
1763
246196
246196
246196
246196
1772
1772
1773
246196
246196
246196
1772
1772
246196
246196
246196
1772
246196
1773
246196
246196
246196
246196
246196
246196
246196
246196
246196
246196
246196
1772
246196
246196
246196
246196
246196
246196
246196
246196
246196
246196
246196
246196
246196
246196
1772
246196
246196
246196
246196
246196
246196
1770
1770
246196
246196
1772
1772
1772
246196
1772
246196
246196
246196
1772
246196
246196
246196
246196
246196
1771
246196
246196
246196
246196
246196
246196
246196
246196
246196
1772
246196
246196
246196
1772
246196
246196
1772
246196
246196
246196
1772
246196
246196
1772
246196
1772
246196
246196
246196
246196
246196
1772
246196
246196
246196
246196
246196
246196
246196
246196
246196
246196
246196
246196
246196
1772
246196
246196
246196
1772
246196
246196
246196
246196
246196
246196
246196
246196
246196
246196
246196
246196
246196
1772
246196
246196
246196
246196
246196
1772
246196
246196
246196
246196
246196
246196
246196
1772
1772
246196
246196
246196
246196
246196
246196
246196
246196
246196
246196
246196
246196
246196
246196
246196
246196
246196
246196
246196
246196
246196
246196
246196
246196
246196
246196
246196
246196
246196
246196
246196
246196
246196
246196
246196
246196
246196
246196
1772
1773
1772
246196
246196
246196
1772
246196
246196
246196
1772
246196
246196
246196
246196
246196
246196
246196
1772
246196
1772
246196
246196
246196
246196
246196
246196
246196
246196
246196
246196
246196
246196
246196
246196
246196
246196
246196
246196
246196
246196
246196
246196
246196
246196
246196
246196
246196
246196
246196
246196
246196
246196
246196
246196
1772
246196
246196
246196
1772
246196
246196
246196
246196
1772
246196
246196
246196
246196
246196
246196
1772
246196
246196
246196
246196
246196
1772
246196
246196
246196
246196
246196
246196
246196
246196
246196
1772
246196
246196
1772
246196
1772
246196
246196
246196
246196
246196
246196
246196
246196
246196
246196
246196
246196
246196
246196
246196
246196
246196
246196
246196
1772
246196
246196
246196
246196
1772
246196
246196
246196
246196
246196
246196
1772
246196
1772
246196
246196
246196
246196
246196
1763
246196
246196
246196
246196
246196
246196
246196
246196
246196
246196
246196
246196
36809
1771
246196
246196
246196
1772
246196
246196
246196
246196
246196
246196
246196
1772
1772
1772
246196
246196
246196
246196
246196
1771
246196
246196
1772
1772
246196
246196
246196
1772
246196
246196
246196
1772
246196
246196
246196
246196
1772
246196
246196
1772
246196
1772
246196
246196
246196
1772
1772
246196
246196
246196
246196
246196
246196
246196
246196
246196
246196
246196
246196
246196
246196
1772
246196
246196
246196
246196
246196
246196
246196
246196
246196
1772
246196
246196
246196
1772
246196
246196
246196
246196
1772
246196
246196
246196
246196
1772
246196
246196
246196
1772
246196
246196
246196
246196
246196
246196
246196
246196
246196
246196
246196
246196
246196
246196
246196
246196
246196
246196
246196
246196
246196
246196
246196
246196
246196
246196
246196
246196
246196
246196
246196
246196
246196
246196
246196
246196
246196
246196
246196
246196
246196
246196
246196
246196
246196
246196
246196
246196
246196
1772
246196
246196
246196
246196
1772
246196
1772
246196
246196
246196
246196
246196
246196
246196
246196
246196
246196
246196
246196
246196
246196
246196
246196
246196
246196
246196
246196
246196
246196
246196
246196
1772
246196
246196
246196
246196
1764
1772
246196
246196
246196
246196
246196
246196
246196
246196
246196
246196
246196
246196
1772
246196
1772
246196
246196
246196
246196
246196
246196
1772
246196
246196
246196
246196
246196
246196
246196
246196
246196
246196
1772
246196
1763
246196
246196
246196
246196
246196
246196
246196
246196
246196
246196
246196
246196
246196
246196
246196
246196
246196
246196
246196
246196
246196
246196
246196
246196
246196
246196
246196
246196
246196
246196
246196
246196
246196
246196
246196
246196
246196
246196
246196
246196
246196
246196
246196
246196
246196
246196
246196
246196
1773
246196
1772
1772
1772
1772
246196
246196
246196
246196
246196
246196
246196
246196
246196
246196
246196
246196
246196
246196
246196
246196
246196
246196
246196
246196
246196
246196
246196
246196
246196
1763
246196
246196
246196
246196
246196
246196
1763
246196
1763
246196
246196
246196
246196
246196
246196
246196
246196
1763
246196
246196
246196
246196
246196
246196
246196
246196
246196
1772
246196
246196
246196
246196
246196
246196
1772
1763
246196
1763
246196
246196
246196
246196
246196
246196
246196
246196
246196
246196
2111
2107
34
13769
547559
88723
387092
267849
338191
926571
37326
70799
70799
70799
1247
1247
1247
1464
1464
1464
1464
1464
1464
1464
1464
1464
1464
1464
1464
1464
1464
1464
1464
59843
1464
1464
1464
1464
1464
1464
1464
1464
1464
1464
1464
1464
1464
549
549
549
549
549
549
549
549
823
46503
265
59779
747
747
747
29471
555
555
29471
122277
122277
29471
555
29471
29471
29471
554
554
555
29471
29471
29471
55208
218491
218491
29471
555
555
555
555
554
555
55208
555
29471
555
555
29471
29471
29471
29471
554
335992
335992
335992
335992
99287
99287
28901
28901
28901
1892254
1892254
47251
1892254
85581
1160
59919
59919
59919
59922
59920
1219
1219
1219
1218
1129
32051
1744
1747
1747
1747
1744
1744
1744
1747
1744
1744
1747
1744
1747
1747
1747
1747
1747
1747
1747
1747
1747
1747
1747
1747
1747
1747
1747
1747
1747
1747
1747
1747
1747
1744
1744
1747
1747
1747
1747
1747
1747
1747
1747
1747
1747
1747
1747
1747
1747
1747
1747
1747
1747
1747
1747
1747
1747
1747
1747
1747
1747
1747
1747
1747
1747
1747
1747
1747
1747
1747
1747
1747
1747
1747
1747
1747
1747
1747
1747
1747
1747
1747
1747
1747
1747
1747
1747
1747
1747
1747
584
584
584
584
102862
584
584
584
584
584
584
584
584
584
584
584
584
584
584
584
588
588
588
587
587
586
288
53246
53246
267375
267375
53246
53246
53246
53246
53246
53246
53246
53246
267375
28107
53246
53246
267375
161398
53246
208964
587753
294
287
663959
303
663959
317
208964
208964
29442
286
287
286
287
287
208964
208964
208964
208964
208964
208964
208964
287
287
286
286
286
286
287
287
303
287
286
663959
287
287
287
287
287
287
287
287
287
287
287
287
1009714
1009714
287
287
287
287
286
287
287
208964
286
208964
287
208964
287
287
303
208964
287
208964
287
287
208964
287
287
287
208964
287
663959
287
663959
663959
216595
29442
208964
294
287
208964
287
287
208964
287
287
287
208964
287
287
287
1009714
1009714
1009714
1009714
1009714
287
287
287
287
287
287
287
287
208964
1279007
287
287
208964
287
287
287
294
303
303
287
294
294
216595
294
303
208964
287
287
287
287
287
294
287
287
208964
287
287
287
46677
287
303
317
317
103796
317
29442
294
286
286
287
103796
70775
70775
286
286
286
286
287
287
287
208964
287
287
287
287
287
663959
303
287
294
663959
286
287
287
287
287
287
287
287
287
287
208964
287
287
287
287
287
287
287
287
287
287
287
208964
287
287
287
287
287
287
287
287
287
287
287
287
287
287
287
287
287
287
287
136849
136849
317
287
287
287
287
303
287
287
287
208964
303
287
287
287
287
287
287
208964
208964
287
208964
287
208963
287
287
287
287
287
287
287
294
287
287
287
287
497
497
488538
121277
2271
2276
29292
1310165
1310165
1310165
1310165
1310165
1310165
305
1310165
1310165
1310165
1310165
1310165
305
1310165
329
305
305
305
305
305
1310165
305
305
305
305
305
305
305
305
305
305
305
305
305
305
305
305
305
305
305
305
305
305
305
305
305
305
1310165
305
305
54291
160674
67575
67575
67575
67575
67575
382
29449
29449
29449
29449
29449
29449
29449
29449
29449
347834
358
358
56730
384
384
384
1060
1061
272942
1061
272942
1061
1061
1061
1061
1833
43767
1833
1833
1833
43767
43767
43767
43767
43767
43767
43767
1833
1829
1833
1833
37919
1833
1833
1833
33008
28065
29549
34008
1564506
34085
2434
375451
2434
375451
2434
375451
2433
74030
246200
246200
246200
246200
246200
246200
246200
1851
28256
146919
146919
761659
761659
761659
51367
51366
1853224
59201
590
59201
28901
28901
28901
28901
28901
28901
59201
149539
594
90371
594
90370
90370
28901
108619
149539
28901
59201
149539
149539
149539
149539
149539
149539
149539
149539
28901
28901
28901
28901
149539
611
28901
28901
90371
90371
90371
90371
149539
149539
28901
58712
58712
28901
149539
99287
28901
340188
28901
98360
98360
28901
28901
108619
149539
58712
90371
149539
562
573
149539
149539
590
594
119912
59201
54388
149539
192955
149539
149539
149539
90371
108619
149539
590
90371
90371
149539
149539
611
28147
48409
57743
58712
90105
99287
108619
115981
192955
436295
588858
593905
59201
90371
90371
149539
594
90371
149539
149539
149539
59201
149539
90371
59201
90371
28901
28901
28901
28901
59201
59201
90371
590
28901
28901
28901
90371
149539
28901
590
590
149539
590
149539
108619
28901
59202
28901
59204
59204
59202
28901
59202
59202
28901
28901
611
28901
28901
28901
149539
149539
149539
28901
28901
590
594
90371
149385
90371
595
590
99287
286783
90371
149539
149539
605
590
90371
90371
90371
90371
99287
590
90371
90371
590
99287
90371
90371
90371
90371
90371
192955
590
594
28901
99287
149387
59201
90371
211968
28901
28901
149539
149539
149539
90371
90371
90371
90371
90371
90371
90371
590
192955
90371
28901
90370
149539
108619
28901
28901
590
28901
90370
149539
605
149539
28901
28901
99287
98360
90371
28901
90371
149539
90371
28901
90371
562
90371
590
90371
90370
149539
90371
615
615
104623
615
104623
573
615
615
615
615
615
613
104623
615
615
61652
615
615
104623
24
24
22
1386772
22
22
22
22
22
22
22
22
624
621
623
511693
623
624
562
562
620
621
624
42897
621
623
623
624
622
37762
623
623
37762
623
623
621
623
623
624
83333
621
622
623
624
621
622
623
623
623
623
620
623
623
623
623
620
620
624
623
623
624
624
624
624
624
624
624
623
623
624
624
622
623
623
623
246200
382
382
28105
382
382
382
382
343509
63612
165695
13689
13689
2133
2134
2133
47834
2134
1280
1280
93062
1280
1280
1280
1282
1280
1280
176279
1280
1280
1280
1282
1280
1280
1280
1280
1280
1280
1280
1280
1280
1280
1280
1283
1282
1280
1280
1280
1280
1280
1280
1280
1280
1280
1280
1280
1280
1280
1280
1280
1280
561307
1280
93061
1280
1280
1280
1280
1282
1279
1279
1280
158879
1280
426430
1280
29385
1280
1280
1280
1280
1280
1280
1280
1280
1279
1280
1280
1280
1280
1280
1280
1280
1280
1280
1280
1280
1280
1280
1280
1280
1280
1280
1280
1280
561307
1280
561307
1280
1280
1280
1280
1280
1280
1280
1280
1280
1266717
283734
283734
283734
1280
1280
45972
1282
283734
1282
1280
1280
1280
1280
1280
1280
1280
1290
29388
1282
1290
1288
1280
1280
1280
1280
1280
1280
1280
1280
1280
1280
561307
1280
1280
1280
1282
283734
283734
1279
1280
1280
1280
93061
93061
1280
1280
1280
1280
1280
1280
1280
1280
1280
1280
1280
1280
1280
1280
1280
1280
1280
1280
1280
561307
1282
1280
1280
1280
1282
1282
1280
1282
93061
1280
1280
1280
1280
1280
1280
1280
1280
1280
1280
40323
40324
40324
40324
40324
40324
40324
40324
40324
40324
40324
40324
40324
40324
40324
1308
198466
198466
198466
198466
198466
198466
1308
1308
1314
1309
1313
1313
1313
1313
1313
1313
1311
1313
1311
1309
1309
1313
1336
1303
1302
1307
1307
1334
119602
1307
1307
1307
1313
1313
1313
1313
1313
1313
1313
1313
1313
1313
1313
1313
1004952
1307
1307
1005041
1004951
1308
1308
28037
1307
1313
1313
373153
1313
1348
1314
1308
1308
1046629
1308
1308
1308
1308
1308
1308
1308
1308
1301
1308
1308
1308
1308
1308
1911
1916
1883
1916
953739
1883
1911
1883
953739
1883
1916
1911
146922
1911
1883
1916
1911
1883
1911
953739
58346
1911
1883
1883
1911
1911
1902
1902
1911
1930
1930
146922
1883
58346
1916
1911
953739
1911
146922
1911
1883
1916
1902
1916
1911
953739
1916
1911
1911
67263
1911
1916
1883
1894
1911
1911
1883
1916
953739
1911
1916
1902
1883
100226
33903
33903
953739
100226
1911
1883
1883
146922
1883
1911
1930
1883
629295
629295
1883
1883
1911
1916
54571
1883
1883
67263
1911
54571
1916
1930
1911
1883
1916
1911
67263
1883
1916
1916
1902
33903
511145
562
83333
83333
562
562
562
562
562
562
562
562
60136
1525218
1525218
1525218
1525218
1891280
2286
2284
43080
43080
43080
43080
43080
43080
43080
43080
43080
43080
43080
1241935
43080
273057
2284
2287
2287
43080
43080
43080
2284
2284
2287
2284
2284
2284
2284
32051
32051
32051
1129
1129
1129
84588
32051
1129
1129
1129
1129
32051
1129
232348
1129
232348
232348
32051
1129
1129
1129
232348
1353134
1129
1129
1129
84588
32051
32051
32051
32051
32051
32051
32051
32051
32051
32051
1129
32051
32051
1129
32051
1129
1129
1129
1129
84588
166314
32051
1129
1129
166314
32051
1129
166314
32051
1129
1129
32051
166314
1314
104267
107401
99479
1518149
1094508
2263
2263
2271
1220595
1462
300852
300852
262724
274
274
274
274
2060
2060
2060
2061
2061
669
47951
662
29497
662
662
662
553239
553239
47951
47951
553239
553239
553239
47951
553239
662
663
666
680
669
663
663
669
669
2902295
669
669
55601
666
669
666
666
668
662
666
669
666
666
666
29497
29497
666
666
666
666
666
666
666
666
666
666
666
666
666
666
666
666
666
666
666
666
666
666
666
666
670
29497
127906
666
666
691
666
666
663
696485
666
127906
669
670
672
663
190893
670
691
662
662
662
670
666
669
669
670
662
672
669
663
663
1219076
663
223926
223926
223926
666
127906
670
670
670
670
670
670
29497
662
666
666
666
670
670
666
670
670
666
669
669
666
666
669
670
670
663
670
670
670
670
666
127906
666
666
662
672
666
190893
666
666
666
666
666
662
670
670
670
670
137591
46255
346
339
195709
195709
339
340
339
340
339
340
339
340
339
340
456327
338
340
48664
56460
346
195709
347
129394
64187
338
64187
64187
339
346
56460
340
347
347
2371
2371
2371
2371
2371
632
630
631
634
28152
29484
33060
630
631
634
28152
29484
263819
633
630
630
630
633
630
633
632
632
630
630
630
630
630
630
633
630
633
633
632
630
630
630
630
633
632
632
632
632
632
632
632
632
632
632
